sprites/layers/world1/layer2.png
0.000000,0.000000
terrain_spawner	783.837585,4632.000000	
terrain_spawner	1081.111084,6777.085449	
terrain_spawner	1104.929077,6193.356445	
gravity_stream	3200.000000	100.000000	4442.215332,7445.019043	-1.000000,0.000000	
gravity_switch	0.000000,-1.000000	8135.755371,1913.025146	
terrain_spawner	5912.321777,2017.666626	
camera_move_region	1085.198364,6780.238281	200.000000	200.000000	0.000000,-200.000000,0.000000	
camera_move_region	1107.777588,6176.597656	200.000000	200.000000	0.000000,-400.000000,0.000000	
gravity_switch	1.000000,0.000000	4287.909668,2981.497803	
camera_move_region	5760.483887,1998.871338	400.000000	200.000000	-300.000000,0.000000,-100.000000	
terrain_spawner	5818.988281,2016.555542	

laser_beamer	8521.373047,3150.874756	0.000000	1600.000000	180.000000	SINE	LINE|600|300|90											
gravity_switch	1.000000,0.000000	1041.279297,5401.020508	
gear	780.743286,4282.770020	
gravity_switch	0.000000,1.000000	5517.915527,5492.561035	
laser_beamer	7389.214355,2068.399902	0.000000	1000.000000	90.000000	SINE	LINE|1000|300|0										
camera_move_region	410.000000,6581.333496	200.000000	200.000000	0.000000,-250.000000,0.000000	
gravity_switch	0.000000,1.000000	3932.695068,589.119324	
portal	0.000000,0.000000	0	8144.039551,1076.800049	null	100	
gravity_switch	-1.000000,0.000000	3077.302490,7565.240723	

gravity_switch	0.000000,-1.000000	5511.529785,5221.247070	
portal	1001.000000,4660.000000	0	4052.085938,2885.853027	null	100	
